t=[-1,-0.75,-0.5,0,0.25,0.5,0.75];
y=[1,0.8125,0.75,1,1.3125,1.75,2.3125];
A=[t.^2;t;linspace(1,1,7)]';
ans=QR_LS_house(7,3,A,y);